0.00,7.94,7.71,6.65,7.15,7.61,9.18
7.94,0.00,8.33,5.82,7.88,7.98,9.22
7.71,8.33,0.00,5.78,4.26,7.84,9.82
6.65,5.82,5.78,0.00,7.27,6.70,7.50
7.15,7.88,4.26,7.27,0.00,7.25,8.94
7.61,7.98,7.84,6.70,7.25,0.00,6.64
9.18,9.22,9.82,7.50,8.94,6.64,0.00
